$ANSIBLE_VAULT;1.1;AES256
63393238343134366362633065616634396634326266653235306164316135383332333738396465
6336303634626337303363323464363034373264383435630a303332666464616338626565383265
38323161306663373932616130363234396436376337306664373331363833633664646137383263
3863373239366534310a376137643736613733316338383063326337313039653665643138646361
34363430353365306238363833376165616430336165626136666533326636353739636163396666
66393237346566343635316132653465613435396561383863643361346535323233633365356461
36666336656535393037663262383035383364333434363635323565363839333531316633323161
62353038306332623235373565303666393234333432323039653936323833653239633264646635
36643236343338636239633035623638653431623130353764396131363936306263336133663462
35663862383133666638343032633564396232343832633035313933343165656630333138633466
31643639666333306238326333303330336532383530353063623461616562343031323135383535
65323137346436633766326534386466343333393562643163356262666533613539613931333533
36373237313761313161353933636236313166376139623163646438656564353437343135326134
65333335346637393736363963656135303032613731313064653863643535326134316663313162
35326463323530666266623732376236343063363166306131333461373934393935343136353136
61643065373530336530376666396661396563643566383463306533666533613062343866626230
61656531643532663762323764643234306162376335343734623235613339643366376462653363
61646230336665306634623638636435656565323231636263633761386162383862666330316437
35306132346664333363353133616331626361646265653338396637313632356364343635343535
63393432353636326164663065656236313331313431346339663965363863643662626562346666
63306465623134326132323366646432386663633730663438633538383031363762663632373961
37363865303862333234343532376664363165353134343632613265663236313934303831333239
61393363623636616433323164646330613631646334613532323930636563343064396362636531
31306662636430653139646235366465663836383062363165653230393530363762323066303638
35626333303333663862666561623664373063326534303234363631653037396533356366323333
36303638366664363462663736316631323132623861393639633633306466616534313262313637
31383033303162643736383032633761396539663334356363616435333538623135326438356462
37373165663634336563383232356530653733313666666436646530653161363439326233623330
38313036313862643932386535626363313366653132316533656636656133383538366334623564
34336161313031333764363339343066376131643830326639633362396431323363393463313432
63653233303565326232326633393735653063383665323961316238343565616434383566633030
33333263343534323061323035616663383331623864373431363362363934646362653464333966
31643965353665376436653538346338333066396334646433396462633935393231393530336634
37313732363933613961316539353663663666313630623533363533326137663464313564343163
34663034313732623334633831353631626639643762636132393436626262613461356664633964
39343062313765663630616566343232623562303762313363623838616234653930333532633263
35373365396365396239646466643764323836353135396630356535323864326131303432353865
65393361646235373230623638636266363061376263323963396161303837633732383638303930
31393634643663633433356636303962653963303366363634356537646235353264353230386534
64646561333930393664653536353831396130333664636536356166356166663133613838306432
33643066646538303333323863313937323861653063616631653232613234306362323939623836
65316465623639396261383462663936313230653563326536656334393334623531626533653435
65386266376335653965643038613431613438343632306437333736356263393162653964666361
62646461383437633131373366666231386464636138333037376537303634383166386537326562
62626564636334316330626664323336626435313733653762363732626233646238653862663431
31356563346536616564663739366532613333346333663931323636303566666332306439363164
38396339333263363566333337343133363461613933623730363832383132666133316666396331
61363333313065316162356234343638333031313230313531613435313934613064333766363863
31316161613366343830633163373833333730343461326638356438663232633137343465366132
62373531613533343861366138653866656264366564376534653437366337623162646462656139
61353133656662353631666239633562363161333232393338343431396238393766313032636237
62373936666238366666613331386162366230666466643533363965386330653165613735396638
65316232376663333966613962616534656631626663383035623937633838303931323030373530
66346265633832316561346262666332356131626534373163336665656338353338643832316331
39376536336330363763373231656362373862386233653766393631353238363733313637633430
35616333363939636535656433363039313332376439663761363539613335333134303839623065
35333663303465666337663766336130323030323735313730356634616364303737633032383935
36383738303237646661323866616433663263333932323531373839623262396436643361303966
35626537396461626239356535323962646331633362666639633230663937306538663330623139
32373166653564653664313539663338626164303461333633356161653531326461643464653337
62633033626639393238336662396230626364666266363135333065383238616462386336313730
33633634393739386261363462393333666333396565376563666238396238656431333339626565
38346331666330316261343962656562613137623531353532383663653263343431616230376665
65313230666662306338306131646535383464333263646232373537316437623639663830313362
61333861376635343764393139633362366361396266623035656263303532313361663239613761
31616633363766303361363465633035396435366232363232623136316234363661366433326663
64613465323933613733383537363439343363636661613030633735396131326366663337356465
66636662346462356564323337333862346539323032386366303733346637333239363539653333
35336632323064353262373438373931626139316631623833343033656334383335323764393930
64646330303262326238386461623932353438333036653733333065316364663134656266363064
31653930356532633538633835636266303234666564343564653936323530313262313534376361
64353961363136653866656262653463386430323735653436313730303961616133373566346364
33353235373561333934643331313061383261616436376136343330353061343934623862356634
62616565623635363030633933323939346432323838653464653262623836623536663462353261
38643538383838366630656632363332666135316365653730326237313463356338626237393036
66613834326536626132666633336131363836326564633732396536333239376538616435323636
35383136343130643466623138373461373734663537326264363865393161383861353936663531
32636630306139376132653132326664623662306530633632323866373263303230643962663431
39356362383134336236323666626536303564303133356663373065623163326264623762663061
34653631303030316638323461346662363861643364323030383734626261346332366631636432
65343734376135313231383634353330343363303936363661373439633961643334323363313865
61396566643539303630633033653738343366613036313533643831306537653065653065373935
66323930343634643534643230633238373932646238353833623934303261386237663937346361
65306233373031353563623836353933343664353961336230656531373439346630666364633061
39303033323831663437623139643934666332613464373631343836633163623432366366373139
33633762336233353830373966373361303139386134386261633136396631363430623665623063
34383434386566663233393833386166393434626331303365313339383564656562653430396161
32326631383537643466333332626638336362323464613134616134363532373930656431373033
64346635303539323766636633643930633930383234323233373830343964396236626664373232
32643031633562306132613064346434663562313531306166363262623739393138353566386538
33623930666465343364383065613564643731633735303333383435396134626338653735623430
38356465373662666536623965343366383136666361616232313236633564306565343263363630
63366438333231623037626439313238393262663838663535353634356434313633336265313934
65366139613737663633643534356634636539373166363532643761626630333832656237363235
33666333303662326236383738633938386333613534373764373363396264623732616231656564
65363030383838326566306232613939653133386238636533363537643963326333393631343263
63333864373939313636383964356163666166313864353764393461643830643366336564366433
31653233636162653633613733376638353430666236666635326263373564356132626266363932
35303233313738363633613338653762636338373033653361613866393961396637633130326132
34613435326130646266643138346430326239336535633337313865616566616265313737396463
37643232306638653065656432636338633831373861336163313935383738333738383133313234
35363134326463646630626233363531383332613132383236323435633839623436356362613336
66383166643132333638653165303966643230653039343163653436326131393532323362326536
66613431383761303733363832643365633637396266386137396262663233626430336131353936
66643036313631613237643265303761636239633865646432336166336161663634396238613264
33613364336566343465633262363231373630386462306336363634653465303062623535333539
39346334623835623962623031336562663863303433353835303233656563623239323336646230
32646439373238313764333833616163346366656561306133343232346666336130653864356531
39623631313031643063363936666538633138616636623365373934353239333661623638303832
39396234646338313736396230326263616130663835653265346639313165373739626437653034
39666364383038336138313034343565633832646364316434353662343234616437333538363331
66376665373138613738656533383661343939313764303037343934353531366236316435313830
38333765393662666466663534376638393265636432653837636262353631646636383063303233
63636264613930386231323064643830636231333061313731353466343731356563303337306166
33643166333239363437383034633137376665633238633530363763363738373734636339636436
33633039306630656238656637656263333438343231303134373934653264646164356165396537
36313331306435316465393232623236386637653962323365303434656561616161656634303463
37373533366532633162613663366439376661373732323938376664313932633638653630333463
61646335333863353437336439306236313763623463643931326238653165663732383839383135
39636661376437623330356166656533616336353436343032663535626439633539656230376162
64623534643430646435306631653361366436303538636637303661666432316331363061363937
30643936366439353834316330366265373864306663366633313366323434643763326265343533
31626639366363323939643534653635333532306538643764613130643465656166303035626565
32323561343634306361306632353235393264313462643432373239313930613234356561396537
30373733383930313061326230386632383238303236323233653161333137396334333766363966
30633930396261323461393364343336363336613738343634373462643964663734663464353365
35303230326435363131343736613234316165613965333238353135346534346163646537646562
39323866343562316138363430653239633632623064383461326266653933613933323163323263
33653230663832366532663630363365666631393838626639393838313161363863613734626664
63323865633139626632663035656435336337613538323863663961656438623735353037306130
35353861363337633061633137386133363161313765316636336262346436383338356234326239
32376532386264383166386165326465303662383465356632363664323237313938326231363339
63353033346232623632643036353037393531613264656665363539336563623833323733626631
32383736623265633437396161663236656361356662303962616365626136323164656337383631
36366534376166623864386636386237326236636530326437326665326333663632373038376237
35353231623238393534666664636230346461636435343265633062306562623437393130373163
36336537653539353361396134316132643962353132633865396661393966373464313463623431
31633638613836303363343863666164336539346564306431323262316663353161623934323230
61656163343738633434353437626161343261313633356362663235663630646461613466346166
64646433356438303434663039326534303763643864646162353565653164313532613861356165
31623261313737633937613636306633616136343536613765303563393435396531663662306336
61326262633236373566336233663162396662653966376665376663366233326235326563303739
62373065323732353433363832336465393665346566303330323264376631366336363433373533
35323338396265656234623135316134623862643731636234363964643234363633373437316163
35363133663363393735326236636530616637313435366538623938383034366266346439393731
62623565303835323962613861383363313563646630313135353666366466643336646432363833
63313462633564393139366162643565626165613461383934373936333163313963663762656536
38333130316534623632323266323665613438346262626563663966653232393637343234303061
31613962646132313862663538663865646435366666353735313634623263313561306139343631
61333165636463646162376339616164313039346337376530376339363135626434656635323939
39666639333235373838663036623331313739303331323532363839313866383361353963646133
32663866313466366139336261343431303331656366626335313066356437613735316263343032
35633330636436303662646366303039383237633138616461366364366365323366313266396633
34353365646430313831343837336431363430653465656663366135633636656230383366623531
30313538643336373534303533643764666530323662356262356433303735366634656134613162
32663438353435313739616436663261666662646361643064313337323233303963616632656338
33663639653864343930666432323833663435313933356434393531336431373331306162616533
39336435616435366135656666353364323839653362313162306134333963616235363033376532
38313238393161313339333966366564373662613235386134666530323435633266333265353661
33383063663166316263613330373161636133643938363836613061326663613133373134316430
35643738396236393136653035353161383465626233643061386236396661386331643265623737
61346234383763383765343831663638316466353932316532633230346266393831656363663935
30663661363939373964303463663633313835393839356638643732373361363035303134393261
32386330303933623161613264376530363936313964616666323539623630313563303566656464
33393962626361633466626265313635333937373636353466396636396639623963363466353365
61323338306231376464646133373563333466363836393231363333316139643533636634393164
33313336316266396539663037383837663532323364313135653138396432623964373033313934
34323830663731383937383161383861643461666561366332303135343430353963663563313038
35336533346332616234333166626264363036643232643332393736316231356236306132356565
63313339356534643561353361613964323864636464616331343736616536376563336465333165
62353665636231323730386432366238613337663437373162653039306561613530353433393235
37383964326139363737336361666133323733346266613831316562663837366136656463396462
66353531393532653161343031386432643134393938653538306238326463636134393034303030
34633338633633613663366536643537383465306264316363343938326234386536313535326239
65633435306131623764316330613632613332613233633561393232333934663336636233663736
66303231363136373038373262376532663562363664363438353535336431326264326335333639
38373034616333656330383031623032373437343762326137383034363031666231663333373635
65653465383534303432303961363862636231666262366336393237383364376135313038633933
34336133656137633761373032356564633236396366616361333636376461396666613364666330
65636533323965333364326539633639633130653238383036663930386237303661613864326135
65333436386438336236666631373137363066636537353437316132623835356165646364616330
64366365633333383662623665393261396263366164303136636537383732386230306165633534
65303865393430336335636332316432303438616135363561626133663063303362643161646162
38663435623765363164386239396135373066313038663266336339373664386236613939613930
65316334636265303166636466306136393238383336376563666636313539626166366136663761
35386237313337333131613638373365613761326335373039363961613539336334383865613839
36623063326265653433663738613637313432656163306336373531623739346338313665363335
31356139636338373039393961626165663833386466616662626461623331383963366661326365
33666235393139393265333031303134376237303431326437313432666637336531646437373962
35653732636465373536333566666337333531326134613266356163633031346238353064313633
61353363663666633239373332336234326636316531633565353834373565333135373132373564
64393732323539353334316630393334366335333262336534366136346263626261303130336538
37303363323962636466643630636536613761653637366231323133306334333464323437353864
37363431363134623962653936346364356166613235326332343730383639306162333239353638
35336563303037653438643039396539636562623938366164336465626361643863636230323731
36383033303636663932366333623937633035376634616438343237663832623830613838613733
33303639633738366462393063663135636630343961323535336661633438636334636265666563
65383266323364383739646235313636663666303331636332646131653464346666623434666538
64383635323062353965353733326664353462356239303164666437353639646135636561383865
34613938333136626461623764616339383236633962636165373832396433646435646133636432
37323133656365303737353638346535663432336234666261663664313839323633393937313032
33373238653762343535356632366438356461363430663633353639316464633063376635373130
36386535363238613135346461663366303836613662386533323164393764616665646134303037
39373165653335633332376239333837313535306132313036366161656565646632326335333034
33363338343264353461383933326638383336346131363961353236303937633861343732333335
30656462346331633039616364323439356564633461653132643530326331303030376561366537
66393063326566393731333533323133373536386262316566663463646664633731616630323530
37306266373235336431363063656532636166336437326135663836343934386532313462353665
36306562316233363433333430663434623835303466343835383432383535666337316161646431
30383737353530363731633139323266343062313632646362376336363132343234356333343666
31396565306465333036303265626437353439653063663763623832366338393061363163376634
34323037373062386434643632643233373066373666633734386563323031666665646531383634
66613966393737376134326466663931623362336561323563303836306231323230333432633462
37656336656438336264313139336365663132616439633337336466373131313539333437663431
37333963393034396635636633343239653065653138316665393331633038343865623333653263
38303435393235383564303634353730316433396135336233303636663461643261323435646230
62626239646339646466313537363135616131323931323131323739646663303738313935386539
36643261613333353538306434383837633234393034666433386133663437633335303566343132
32653262343331376461633732333337623034663733313236393362356464303537373563653861
36333937336262653263666465333264326232396466373966653636313038666634623238306338
65653338623038623131366136663532393131303763633036316239623764616161376230646465
3435356538613535383436363034653864303334343331323231
