$ANSIBLE_VAULT;1.1;AES256
30333663363962633430366531343630373535666465333963653035386363326665626132613437
6432363133343735656532376264386461666464343839640a646561633564646166373363363130
33366634303833666531333664316564616663346333636535613562623438313033376230336634
3231633139636638360a626165643930386533393166373662363330383562373662353334336238
39626264613765636166393465373536393933396263333564326536386563616339636133353164
30663062353161303732356335303134623563303466636336383131396434343966613031393663
36386165333136323934323139383733616635366130326663626364356462653532366164663138
35656361366534323661643162656639616263333238353238306136336232396339653735333164
61653332613836613934383066626463323362326366626531373737303336643564646633386531
35333038633765653361656435316162633064633937653035393961343763623637613163613732
66313235376235363433346565666336373932303239343332353165383265326261626662623632
61613061383734623033643633356562366637636162333433316162616362646435303265326464
65333364303134356238663266646339303362623737386466666366393961326563366435356166
61613138383034366130346234646133306564666138353135616634303937653233386535616561
64333333326236386133306330313036613136313663373339396264303032376632396334653863
65363030333338313866343566326265383033303137316534366338393333353730376537373761
63633739376230656466396436336633653438663237653165376332386631343837653163626238
65366131653730373965356332616530643266326131333161666266656531366665333365303234
65663163383366386535653033336138316231333738666136376534623737613939393061313732
35363634636662393161313338313133623839333830656136383033663831633430323038613735
39306439653363643766343564653730623764653331353665356562313561613632666437663437
61383530326464666130666166323433616432323166393466346661376532643564616137393039
31356261383666393735336139393336303362303839386161393462313937376161353035343030
36663465323865353366333764656332386230623634653735313238323661363334336635383961
35333263663835363565623136343261633663653962343765636361326130633033663465363430
38343565356433396137356538663432643663393561623766626464633034636563356336353262
63313064333762613830613230343365336233356336336239336138633466376536356265336636
65666338366565336232646531353963316336656262653066373233366634613634636630653461
39393666336432623931663136373233396231646633306366343062633132613261346431373936
64316139376635373138346338366633343939623237313563653061343364323331386336336438
64376639363164666235333436313430663566376532343434393362333438323438343532633136
37623635656336363330386438656435386234306136386231313465333564613635346533303265
61636334313436343933333565633736633836306134353866653562393232636431646130306462
37373838383832643033393236383063626133383135326165333166386136663737623563396337
65323364613466393735663139303139343137346333623832313863386132623163316239316637
30636161376335313330306265393764303863653631366265336630363336386466346132653564
36376365383366636335303534656262626535323431616365383266336562626438653937313865
37386663346535373335343230623863623831313566383239306339643266353363343766333564
35343765323131653538623634373535636562373135356339383766613735323533656430636534
31656233396361646333323430343161366235653166366366636165383339626562373435393166
36346633346165336630386265323133313637653638363033386231313033313935343638383666
35326430373939333665366435386637303464383337303839646330383132616538383466303862
33663238323734653665383463343834613866336631383766306530623436646465346166666336
38393561303062633236366562363031376437303033393033633534343535373538613962636134
36653335386234633437346338313031393533336135613565316530373562333264333530326664
37636638363132653939356536646564356665626538343761623039303861356530393433633239
31643165326466353334636464616632353962656261666235613039316133323739383233376336
32653366356666633035396166323164333132636161396130333234363139353634626139393038
38643365663738663832666338613832306563613664656630346664623038396164363733613235
35643964653330373965623261666631343862316235363662373232643661663935633564653961
35393163376661646166323730646431623233636230306166386166626539626464663238643038
63343433616536373438616432646239353564363936383339346164653664373063303765303730
63333130616339626432343135393432303337343431363634373230373261366634386262633465
66343337666439653939633266306634633434633961393764393034663235666332626337386434
39363938666561623436363632343463323461343465626234313163343636393338376363656137
65623165373363633162653936666630623732373765396534366530376665353764656166356132
36636232356663383830343661623232333061616435336639303830323761393265613436663736
66663636626634323334326230613733656661626430323863313935306635313036303564633138
37376664616661323335326434326533386365333364303132306639396333613939656433343439
65383334306537383330653130666233366266623031616531336465313338666435393761356261
34626234303261653934326562373134363434393434303431343763656539356162643539343735
31643563333235313137313038653665636134623763626261313632633963643531353263636438
65666335356164363864623737613430343339313865633937623539646133303935313631346433
33366363306663636237323930616436663035363231643861343932323534656538663337343561
39323261633531326164653132306137623562376630343835666137623832356230613665366637
36643139616238396234396630346463366530623861653434613362386331346366633130386534
66396566313839383138633861636532386365333264393231313464353235366435636230393165
37613532633666666231353238393137653361363862323738316532373836393931326661383666
36646230326362393239646562623630376334613839633466653130323134383032303739666533
65353331306365633531386330353461636635616335323531363032633139643136393735393638
30646333616164376266376161633661323936613966333462383130646234376535366437353462
32613562393563313030316165363065303938666263376137383638323061366237366135303137
33663039643538323634643463343634393732346537343935343438326264626535343763313532
63623666356666396630333564643439306665386361333666356364393061646238666133363630
32303061636235623465383931383465363662316430353364363166646634333261366235616534
64616639396233656636613533393762383138633434343639326335616163366538633465336463
61313465613565646330656131353037656632643136313933396138393864373232383039666335
35393763653737663337343461633739363565613765633461653961363131326633396235323034
32663364653033663864343332613632656265663739636631306166623265383139366362643061
35306561343338313431383932653464356361666661653437313636366366633136343439306462
34623135363664346365343563613163336233376232643762646432373265366130313438313164
39343736653832313335626366383938643762623133326633313661643936616139633438353331
32383532633863653566363135623538393431643665333533623065353935643361393331663331
33343037373562646465346562306466353133636366303530396439653836303031386233663965
38373938313135376365336535356166333136343635633061306663383663646234613466303537
64376161306632313030613734343665623035396230666330383533326239636435663362333036
33396537383562643531626235386236326631616562646661663834396333666635646662323839
65373565643238613030363065313565353664393262306433316637623039613531323631616130
31636537623436306365366438353235626266396261383833653634333034656234376263303264
63626262313238303634386431653263666232376338306431326235363861326333373530303637
62643661373764626366653631363531626363313663626632656564366438616361306331636630
64306536633032643764656236306431373437623834306564663865376631646338363231646433
35643630373864313462346533626132616563333133666138666665643863336237666562346232
33643230346236643735636239336235643139633434386335613438323635613166353061356132
66653830336538616330616535626132666330313130313165623330346232383034316432646438
33613236623662343961663532653037616534653032613663646263333236313439376262353433
31356332653730326630343665663064346132633639643866653738323333616362373166353365
64666535383730326332336632633832363036366364623463613036653733353965383435353763
61356264626463333339396337373732613766313631336465326231333133653864366134303131
39646333333730393139623134303731366437356665643431396364303036616163336439306638
61663432313230363438646533663566633462303261633038356334363438656561393064663537
36306461306565636631646432316662613935326631643564656333613135393139343032336532
65363430333238373565396234333264623562396262646461363633343133353539356639633165
63613439386331316531373833616465303366633530303238303436373539666261373637383561
66613663643331373836366332326132363637653337646133373133363031366335386232336162
34346538613330633333643236646231346233643938373535356566353933633231333931366131
62383230653765336232356430666161306232313762303539383766633130323832613839313661
64653033353535653237643330346430646366383133316433623262383634646637323561393432
63373436343530653334393339333830313461303534346435326338636161346262366438653961
31616664633062303630323032666166396331376132616431336165343239333438346665326335
64336463366661666531316135663932343962636665636162363862343038633362633534386133
34386463373839396632346630636363323137626536386462353831616565356661393039386230
66643737363739623062336639356366626430336238646636616264636362663531613561353138
62313632613462373238316666333062663365353432373132313138333430626266333232393835
34383938336530623666333464633136633563316437356163363836633164306634353235653431
36616363366534386137383733383234333161643330666566396334323934393035616537366137
32313761333435646362396533313736336139383262303061343030623066323631336133636635
31326330323865306166643630623336636364666361633334633263613535353136363132336363
62663461643132316631616234613363643933653662383536353139313031303432313962626633
33323237353766353662316463303133303332313233363030636664663263623634333334623039
63613238656365376662373763386431326362656563373333303538326436303338656333626334
62663330643066303261663338386635353361373762343839383032343464636131356531363464
65353332613332353535633630663936623065306539666561376530656531393864643034343965
34316437303738313565333136396539353163383738316566383264376137376430363264303162
34303865336230356539323936326564333264633033313365383630313362343631313462643735
61396331303031656637303839623564636565613361373739356134616633393562346136326531
37626361656332373231666165623834333365343535346438613464663961653130616236356364
37376635626439613266666535633462393062376433373834343461663664306632353232613039
64313431366666633035306338616434366237376339656161666431363138333730356466383339
34313739383933333139626165356365623962376361636436326532393365653239333337663762
31336231366364623139653566303333613464633963656464303139306631383336323865636138
36366161666336323239663064643830386533303864663734343639333837303438646334643931
32306165323830656236373636306565643061313261303935303163623864323666613465636536
34336339356164633230623462653362386638326564353039663836633834353065636131636261
30346535376137643630656433306433383962633662643966336435613865633339323431616631
34366530313533363763303362663631386437363730613230623666336638396131343838386338
38636462396464333762373631653936393336306136353761343462626464396161326231643365
61646139653137653365393539383035376234616339646364373536363263353265386632363864
31383731306536623235616137653134386466306535303165376663613732353039303061336131
65323436626665356332633530656439323564623364396134363135623230383335373433626466
36616135366264646130643438373936666434633836306333376336656662353835383037643061
39653039323336393831336363643536653632656164646238376163643634346165643166623735
66636238326666353833303134386237613366373535333339343561313131306535336133343332
36613561666236376264316531616365656361303631376138373734613066303863656333643464
32643330616437323563376162626532616339323032316430663362336133643034653431323461
34633536633739353262643233396536663536366366643935376638613463306364306266383131
34386636623632303438366332363663333262333033646139363261626331313336366135663030
64663334626131306165383063336339643536653233373539643336386663373130353561666537
32383533373762333266313064336239363137623034646138323766323262633533336134383363
31373062636663303965396132383632336631616431636534376538386434633164363537396365
37386130626632333466303664303266666530393163613736363835363135343262313030636430
36373333323937623734636166643464303133343230313834386466636362306363373134386362
61613164656539353535653966323765626534616634666562313866613262636335373238386439
31613164626565626535306531613763623561333766363736356633646561313339316264383431
65373838343466653561303064613864646164643662383136643134613537313333613133313731
63303064343762343263666235353462393737316265633537373931303461656534636262356663
34383161613962333837336161396439306364306334393734653766626534633636623132363039
66616163613038643530316462346562393439326561316431646264383737623136666133633162
62323534623838636537303561306363383733303237643236316530613637356563633332666335
30353234313666646164666261333039336539666163663062643034333066343164323231306631
32393437656430653365363562343362626330343166313965663463323934383163383433336438
30333131313065323865373334376130356232306466363631626466346634356335346365626462
30346132303933386562323330613132323039653234386437383934356663393665636362663062
32323264323937333930376433316263383066656266306139343661623732653166356131313365
34633539393030663833313137653265373437633139393163623536333237313633373536613566
31323638383737623138343866303563336166313334323265306463643765653532343631313231
34663935656235386338373934643630663030326461353536306530626430346166373834643233
38316634356238353162613534343365323032323735323232373639323565643737353965663462
66396666663130313065373039643538303837363861613932616231363238616263373362613964
33613132633333623536346335336530656131316531366434323631616638376433633634393865
34363965626433356365323839393838366530326362623434656665633838323430663031656533
37343732316239656632663462343366376437303536356363346137316339643266373663343039
30643539636232346338336462343236386535646136623763393933333365646635633461643339
39613330383439336535363934333366613131303762663134646637343765306233306264376430
34383232326163336465396266333864353062313062306635343861633833353664623832333663
66656131626162666561613439313439613035383162386661366434393366353231653631383238
66343036663737653438323939363962333633346635383066376563396234613764343739306366
34313039363931323038626266613637366461376663303463666632353130636561643439366266
66303363616232626166386335653534333233306161656634303232346335303032356162613036
33613737303333383935343937613366386137326665316431626437313537393933376330366635
33366139643431363133393761613434653939636661643839633734343236653834386164656234
36346363666662353534623530613834656230353666386461626135383433356563373162356138
62636139656536633261343161393561643732383866346561353835383436653338656530653335
62663263353331636633656633313865353830363662643061396536616130636439616330323633
61663632353161306633346664663730386437313036363365373130646563383833303562323135
30383032613634323036316639653362636264333836633938346462373661336235333632333537
36633638363131366437363862393738303861616136653837373063303436313733333465343437
33643933633334313962323162323863663666363830386563363837613964646432306165306231
39656330613461373033306639346637323634303663623936623434613434623164333064366561
62613539343731356239306332366434656538643336363163626633323637363762623531376334
37313631633035376338613837663566643565343630393936646562666130323730646165666365
64653530653936313162356630653363353638613765663538343232383263343837656436616562
36333863343137633535633734323134656261646664356166653836663365323930386361393762
62323165393764333864333634656663356266623533656638326136663131373939663063313764
61323338303235383966666530613264663062666634383737393263656430633738393537393032
31326665343237386666623835613335626132323361323738333738393538613835626562623234
64613934363935303066653663333631343564323464623933636261323263663866666266666231
31626661343763376433343866323462363438326266653334643562343530663065336239326139
61386464343266663365353731323931643033393832316335643035663161303832653331343637
32313161666538346536356537396164333533633634646364313364333463653963383139333464
61303533643965663166386131326131306263613965613634623665303361306236656630383464
35363734373839333632366538623064393564313037383165613039666365353538633335313461
66613361323633646262633436303934386237373939653735376231363633613034306563306335
34393166616631303039373434613366393833613264636533316635663963313961636532646131
61643236376338623235396161396430313466346464636332343865393433316163633164633666
38626336643538643063363265393062323061303634376136613235656462646461326634313334
31363562633333313232373533636363613066613962663138323139306564383662306534383031
35623139316638373236353239656438336334326461353034393239633966373836313832313639
64373933663161616434633535356664366663303261643264306634633934303536306234616630
37353463613735303334666436616136376361386562653030306239386338333063326435613537
33326437613632353133343963613030613137623338376334396439636463306634323632373637
30373561626364383761663062366265396361383664383431326261363939363033376632393230
63656166313631366565656662663339356261323033323833363165356366343964363232636632
66616432393936653765313835653230373630316236373935396531623134656538613263326238
65343133666439363662346437616165333539313266366133353536326664333035653663303066
39323935343834656330303965316363626232623235373163363563636437386563326264353032
39363035366539626630616130306234383066663339343865353966356331363530663362356664
64316162663938316332323136646532666230623837653064613837353161353132333565643830
63376633633066383531373263656532623762306166343836313964376462343131663861323130
31363438363133383930316231336139343537643766626338613263383738313534323836616164
66616330393161616564313338643639323464363336633566613139363831363833373863396264
61323439346333393833336562303164613137613235633735306366623534343564323538663332
37616636633463356235366237666534396265323637636436376234303862356539633631323532
30326534363038313362613365353161623733326664666638386234316565383066613133306436
37366236643339613936636532373535656334366562633330386239633066383963
